1753887145430 0.8026754260063171 0
1753887260686 0.8374490141868591 1
1753887376630 0.8505495190620422 2
1753887522115 0.860201895236969 3
1753887617333 0.8686017990112305 4
1753887716961 0.8767789006233215 5
1753887833434 0.8829205632209778 6
1753887933076 0.8892508149147034 7
1753888049078 0.8925944566726685 8
1753888144390 0.8960954546928406 9
1753888239579 0.9000920057296753 10
1753888334821 0.903847336769104 11
1753888454821 0.9087663292884827 12
1753888549608 0.9097980260848999 13
1753888644536 0.9129814505577087 14
1753887145430 0.8026754260063171 0
1753887145430 0.8026754260063171 0
1753887145430 0.8026754260063171 0
