1753887145430 0.6372025609016418 0
1753887260686 0.5167672634124756 1
1753887376630 0.4740925431251526 2
1753887522115 0.4417342245578766 3
1753887617333 0.4149285554885864 4
1753887716961 0.3890889585018158 5
1753887833434 0.370017409324646 6
1753887933076 0.35024651885032654 7
1753888049078 0.3390648066997528 8
1753888144390 0.3280280828475952 9
1753888239579 0.3139411211013794 10
1753888334821 0.30133411288261414 11
1753888454821 0.2853018045425415 12
1753888549608 0.2822330594062805 13
1753888644536 0.2701728343963623 14
1753887145430 0.6372025609016418 0
1753887145430 0.6372025609016418 0
1753887145430 0.6372025609016418 0
