1753887145430 0.5772914290428162 0
1753887260686 0.6279720664024353 1
1753887376630 0.6619170308113098 2
1753887522115 0.6855130791664124 3
1753887617333 0.7064910531044006 4
1753887716961 0.7230117321014404 5
1753887833434 0.7374770641326904 6
1753887933076 0.7528387308120728 7
1753888049078 0.7635477185249329 8
1753888144390 0.7743251919746399 9
1753888239579 0.782810389995575 10
1753888334821 0.7927441000938416 11
1753888454821 0.8040849566459656 12
1753888549608 0.8077683448791504 13
1753888644536 0.8155108690261841 14
1753887145430 0.5772914290428162 0
1753887145430 0.5772914290428162 0
1753887145430 0.5772914290428162 0
