1753887145430 0.4809037148952484 0
1753887260686 0.5325019359588623 1
1753887376630 0.5622605681419373 2
1753887522115 0.5839285850524902 3
1753887617333 0.6040839552879333 4
1753887716961 0.6206731200218201 5
1753887833434 0.6353514790534973 6
1753887933076 0.650982141494751 7
1753888049078 0.6614290475845337 8
1753888144390 0.6731329560279846 9
1753888239579 0.6824769973754883 10
1753888334821 0.6931421160697937 11
1753888454821 0.70646733045578 12
1753888549608 0.7100236415863037 13
1753888644536 0.7194005250930786 14
1753887145430 0.4809037148952484 0
1753887145430 0.4809037148952484 0
1753887145430 0.4809037148952484 0
