1753896856543 0.7761772871017456 0
1753897015029 0.8270367383956909 1
1753897144446 0.8450174927711487 2
1753897285335 0.8598548173904419 3
1753897414792 0.8669738173484802 4
1753897542488 0.8758652806282043 5
1753897683796 0.8832482695579529 6
1753897812864 0.8892284631729126 7
1753897954202 0.8936091065406799 8
1753898096113 0.8976358771324158 9
1753898229464 0.9031834006309509 10
1753898357225 0.9073358178138733 11
1753898486557 0.9114677906036377 12
1753898627727 0.9143776297569275 13
1753898759784 0.9160283207893372 14
1753898887083 0.9200718998908997 15
1753899019825 0.923721194267273 16
1753899148244 0.9258562326431274 17
1753899289708 0.9303328394889832 18
1753899431592 0.9336088299751282 19
1753899562677 0.9359500408172607 20
1753899689342 0.9387906193733215 21
1753899816183 0.941266655921936 22
1753899946893 0.9439519643783569 23
1753900074497 0.9459133744239807 24
1753900206448 0.9488362669944763 25
1753900336613 0.9511743187904358 26
1753900463212 0.953228235244751 27
1753900590920 0.9558103680610657 28
1753900717513 0.9572329521179199 29
1753896856543 0.7761772871017456 0
1753896856543 0.7761772871017456 0
1753896856543 0.7761772871017456 0
