1753896856543 0.7238435745239258 0
1753897015029 0.553680956363678 1
1753897144446 0.4918799102306366 2
1753897285335 0.4448615312576294 3
1753897414792 0.42035454511642456 4
1753897542488 0.3943711817264557 5
1753897683796 0.3712441027164459 6
1753897812864 0.35148200392723083 7
1753897954202 0.3369680345058441 8
1753898096113 0.32334303855895996 9
1753898229464 0.30565935373306274 10
1753898357225 0.29246872663497925 11
1753898486557 0.27825528383255005 12
1753898627727 0.26924413442611694 13
1753898759784 0.2641025185585022 14
1753898887083 0.2492520660161972 15
1753899019825 0.2362828105688095 16
1753899148244 0.22887147963047028 17
1753899289708 0.2132478505373001 18
1753899431592 0.2024286836385727 19
1753899562677 0.19505371153354645 20
1753899689342 0.18527941405773163 21
1753899816183 0.17626093327999115 22
1753899946893 0.16771776974201202 23
1753900074497 0.1596732884645462 24
1753900206448 0.15022191405296326 25
1753900336613 0.14105994999408722 26
1753900463212 0.13476550579071045 27
1753900590920 0.1242312639951706 28
1753900717513 0.1204814612865448 29
1753896856543 0.7238435745239258 0
1753896856543 0.7238435745239258 0
1753896856543 0.7238435745239258 0
