1753896856543 0.5512577295303345 0
1753897015029 0.6081987619400024 1
1753897144446 0.6381775736808777 2
1753897285335 0.678566038608551 3
1753897414792 0.6989014744758606 4
1753897542488 0.7205647826194763 5
1753897683796 0.735068142414093 6
1753897812864 0.7514953017234802 7
1753897954202 0.7637039422988892 8
1753898096113 0.7775448560714722 9
1753898229464 0.7912712693214417 10
1753898357225 0.8035968542098999 11
1753898486557 0.8137151002883911 12
1753898627727 0.8210998773574829 13
1753898759784 0.8248863220214844 14
1753898887083 0.8353340029716492 15
1753899019825 0.8433672785758972 16
1753899148244 0.8478806614875793 17
1753899289708 0.8579755425453186 18
1753899431592 0.8649065494537354 19
1753899562677 0.8702996969223022 20
1753899689342 0.8755066990852356 21
1753899816183 0.8814550638198853 22
1753899946893 0.8860762715339661 23
1753900074497 0.8905340433120728 24
1753900206448 0.8967312574386597 25
1753900336613 0.9011147618293762 26
1753900463212 0.904699981212616 27
1753900590920 0.9103359580039978 28
1753900717513 0.9124597907066345 29
1753896856543 0.5512577295303345 0
1753896856543 0.5512577295303345 0
1753896856543 0.5512577295303345 0
