1753896856543 0.45088139176368713 0
1753897015029 0.514345645904541 1
1753897144446 0.5434604287147522 2
1753897285335 0.5788723826408386 3
1753897414792 0.5970566868782043 4
1753897542488 0.6176135540008545 5
1753897683796 0.6332460641860962 6
1753897812864 0.6497007012367249 7
1753897954202 0.6620060205459595 8
1753898096113 0.6763302087783813 9
1753898229464 0.6913941502571106 10
1753898357225 0.7046023011207581 11
1753898486557 0.7168936729431152 12
1753898627727 0.725516676902771 13
1753898759784 0.7298576831817627 14
1753898887083 0.7429748177528381 15
1753899019825 0.7531719207763672 16
1753899148244 0.7588831782341003 17
1753899289708 0.7722242474555969 18
1753899431592 0.7814861536026001 19
1753899562677 0.7887056469917297 20
1753899689342 0.7956402897834778 21
1753899816183 0.8038691878318787 22
1753899946893 0.8108574151992798 23
1753900074497 0.8169050216674805 24
1753900206448 0.8257216215133667 25
1753900336613 0.8321542143821716 26
1753900463212 0.8372629880905151 27
1753900590920 0.8455866575241089 28
1753900717513 0.8488700985908508 29
1753896856543 0.45088139176368713 0
1753896856543 0.45088139176368713 0
1753896856543 0.45088139176368713 0
