1754250996361 0.8191727995872498 0
1754251089457 0.8778942227363586 1
1754251182687 0.8965834975242615 2
1754251275885 0.9091282486915588 3
1754251368190 0.9169228076934814 4
1754251459628 0.9248438477516174 5
1754251552707 0.928731381893158 6
1754251644880 0.9339375495910645 7
1754251736783 0.9377887845039368 8
1754251827193 0.9419735670089722 9
1754251917727 0.9449374079704285 10
1754252008336 0.9482076168060303 11
1754252098786 0.9518630504608154 12
1754252189320 0.9542438983917236 13
1754252279781 0.9583345651626587 14
1754252370574 0.9608505964279175 15
1754252461153 0.9637496471405029 16
1754252551678 0.9659280776977539 17
1754252642316 0.9683443903923035 18
1754252732946 0.9694114327430725 19
1754252823354 0.9718126058578491 20
1754252914030 0.9708484411239624 21
1754253004474 0.9743293523788452 22
1754253094899 0.9752557277679443 23
1754253185418 0.9760242700576782 24
1754253275777 0.9714669585227966 25
1754253366325 0.9780470728874207 26
1754253457074 0.9792034029960632 27
1754253547767 0.9741989374160767 28
1754253638338 0.978523850440979 29
1754253728598 0.9805322289466858 30
1754253819206 0.9760626554489136 31
1754253909657 0.9805818796157837 32
1754254000387 0.9817732572555542 33
1754254091052 0.9780797958374023 34
1754254181501 0.9817590117454529 35
1754254271991 0.9827286601066589 36
1754254362706 0.9791948795318604 37
1754254453205 0.9811511039733887 38
1754254543966 0.9833325743675232 39
1754254634393 0.9799978137016296 40
1754254724900 0.982953667640686 41
1754254815218 0.9843961000442505 42
1754254905776 0.9847902655601501 43
1754255047591 0.9796715378761292 44
1754250996361 0.8191727995872498 0
1754250996361 0.8191727995872498 0
1754250996361 0.8191727995872498 0
