1754250996361 0.6234830021858215 0
1754251089457 0.7408974766731262 1
1754251182687 0.7854154706001282 2
1754251275885 0.8166486620903015 3
1754251368190 0.8362608551979065 4
1754251459628 0.8544464111328125 5
1754251552707 0.8634400367736816 6
1754251644880 0.8747843503952026 7
1754251736783 0.8824102878570557 8
1754251827193 0.8910688757896423 9
1754251917727 0.8967521786689758 10
1754252008336 0.9024075865745544 11
1754252098786 0.9082955718040466 12
1754252189320 0.9125611186027527 13
1754252279781 0.9184432029724121 14
1754252370574 0.9219851493835449 15
1754252461153 0.926395058631897 16
1754252551678 0.9298385381698608 17
1754252642316 0.9335260391235352 18
1754252732946 0.9353150129318237 19
1754252823354 0.9393972158432007 20
1754252914030 0.9383144974708557 21
1754253004474 0.9438085556030273 22
1754253094899 0.9456285834312439 23
1754253185418 0.9467191696166992 24
1754253275777 0.9405865669250488 25
1754253366325 0.9508122801780701 26
1754253457074 0.9531683325767517 27
1754253547767 0.9457051157951355 28
1754253638338 0.9522529244422913 29
1754253728598 0.9559833407402039 30
1754253819206 0.9489709734916687 31
1754253909657 0.9563853144645691 32
1754254000387 0.9585826396942139 33
1754254091052 0.95284503698349 34
1754254181501 0.9587839841842651 35
1754254271991 0.9607380628585815 36
1754254362706 0.9550731182098389 37
1754254453205 0.9579887390136719 38
1754254543966 0.9620255827903748 39
1754254634393 0.9570413827896118 40
1754254724900 0.9613996744155884 41
1754254815218 0.9643457531929016 42
1754254905776 0.9650341272354126 43
1754255047591 0.9567825794219971 44
1754250996361 0.6234830021858215 0
1754250996361 0.6234830021858215 0
1754250996361 0.6234830021858215 0
