1754250996361 0.5730095505714417 0
1754251089457 0.38459718227386475 1
1754251182687 0.3245220184326172 2
1754251275885 0.2840263843536377 3
1754251368190 0.2574964761734009 4
1754251459628 0.23115597665309906 5
1754251552707 0.21687708795070648 6
1754251644880 0.1996883749961853 7
1754251736783 0.18648949265480042 8
1754251827193 0.1721390038728714 9
1754251917727 0.16135071218013763 10
1754252008336 0.15035095810890198 11
1754252098786 0.1387976109981537 12
1754252189320 0.13073311746120453 13
1754252279781 0.11819862574338913 14
1754252370574 0.11035539954900742 15
1754252461153 0.10165763646364212 16
1754252551678 0.09484434127807617 17
1754252642316 0.08757014572620392 18
1754252732946 0.08437506854534149 19
1754252823354 0.07698036730289459 20
1754252914030 0.07956718653440475 21
1754253004474 0.06942648440599442 22
1754253094899 0.06653530150651932 23
1754253185418 0.06409067660570145 24
1754253275777 0.07777424901723862 25
1754253366325 0.05804091691970825 26
1754253457074 0.054582998156547546 27
1754253547767 0.06934278458356857 28
1754253638338 0.056475680321455 29
1754253728598 0.0505807101726532 30
1754253819206 0.0636884868144989 31
1754253909657 0.050410039722919464 32
1754254000387 0.04692479595541954 33
1754254091052 0.05784519016742706 34
1754254181501 0.04696059226989746 35
1754254271991 0.044185589998960495 36
1754254362706 0.054407570511102676 37
1754254453205 0.0487363301217556 38
1754254543966 0.04237285628914833 39
1754254634393 0.052577242255210876 40
1754254724900 0.043460663408041 41
1754254815218 0.03938533365726471 42
1754254905776 0.038301121443510056 43
1754255047591 0.053251005709171295 44
1754250996361 0.5730095505714417 0
1754250996361 0.5730095505714417 0
1754250996361 0.5730095505714417 0
