1754250996361 0.5201511383056641 0
1754251089457 0.6349688172340393 1
1754251182687 0.6824164986610413 2
1754251275885 0.7180293202400208 3
1754251368190 0.7415540218353271 4
1754251459628 0.7651546001434326 5
1754251552707 0.7772038578987122 6
1754251644880 0.7927378416061401 7
1754251736783 0.8036519289016724 8
1754251827193 0.8160157203674316 9
1754251917727 0.8244273662567139 10
1754252008336 0.8326857089996338 11
1754252098786 0.8416183590888977 12
1754252189320 0.8479039669036865 13
1754252279781 0.8571796417236328 14
1754252370574 0.862829864025116 15
1754252461153 0.8698359131813049 16
1754252551678 0.8753911852836609 17
1754252642316 0.8813615441322327 18
1754252732946 0.8842839002609253 19
1754252823354 0.890957772731781 20
1754252914030 0.8890830874443054 21
1754253004474 0.8982791900634766 22
1754253094899 0.9012908339500427 23
1754253185418 0.9031813740730286 24
1754253275777 0.8926690816879272 25
1754253366325 0.9100080132484436 26
1754253457074 0.9140165448188782 27
1754253547767 0.9013379216194153 28
1754253638338 0.9123823642730713 29
1754253728598 0.9187695980072021 30
1754253819206 0.9066858291625977 31
1754253909657 0.919424295425415 32
1754254000387 0.9232447147369385 33
1754254091052 0.9132552146911621 34
1754254181501 0.9235547184944153 35
1754254271991 0.9269615411758423 36
1754254362706 0.9170924425125122 37
1754254453205 0.9221420288085938 38
1754254543966 0.9291836619377136 39
1754254634393 0.9205313324928284 40
1754254724900 0.9280683398246765 41
1754254815218 0.9332406520843506 42
1754254905776 0.9344689249992371 43
1754255047591 0.919975996017456 44
1754250996361 0.5201511383056641 0
1754250996361 0.5201511383056641 0
1754250996361 0.5201511383056641 0
