1753893681886 0.7577682137489319 0
1753893789732 0.8142297267913818 1
1753893897941 0.8355505466461182 2
1753894005758 0.8501438498497009 3
1753894118096 0.8629641532897949 4
1753894225635 0.8716850280761719 5
1753894333595 0.8790817856788635 6
1753894441467 0.8853535056114197 7
1753894549281 0.8904381990432739 8
1753894657024 0.8952861428260803 9
1753894765010 0.9006683230400085 10
1753894872976 0.9053419828414917 11
1753894985260 0.9080883860588074 12
1753895097156 0.9115579128265381 13
1753895209158 0.9148494005203247 14
1753895316661 0.9172908067703247 15
1753895424165 0.9200837016105652 16
1753895531607 0.9220343828201294 17
1753895643381 0.9245768189430237 18
1753895751046 0.9263911247253418 19
1753895858272 0.9292827844619751 20
1753896003539 0.9312868714332581 21
1753896110902 0.9342819452285767 22
1753896251901 0.9363041520118713 23
1753896359115 0.9389311075210571 24
1753893681886 0.7577682137489319 0
1753893681886 0.7577682137489319 0
1753893681886 0.7577682137489319 0
