1753893681886 0.7743090391159058 0
1753893789732 0.5907226204872131 1
1753893897941 0.5214523077011108 2
1753894005758 0.47492361068725586 3
1753894118096 0.43458929657936096 4
1753894225635 0.4065336585044861 5
1753894333595 0.3824361264705658 6
1753894441467 0.3628503382205963 7
1753894549281 0.34652334451675415 8
1753894657024 0.33153846859931946 9
1753894765010 0.31406256556510925 10
1753894872976 0.2990701496601105 11
1753894985260 0.29008087515830994 12
1753895097156 0.279264897108078 13
1753895209158 0.2671230435371399 14
1753895316661 0.25863438844680786 15
1753895424165 0.24843019247055054 16
1753895531607 0.24267399311065674 17
1753895643381 0.2324150651693344 18
1753895751046 0.2280966192483902 19
1753895858272 0.21790941059589386 20
1753896003539 0.20991922914981842 21
1753896110902 0.20073898136615753 22
1753896251901 0.19302184879779816 23
1753896359115 0.18468961119651794 24
1753893681886 0.7743090391159058 0
1753893681886 0.7743090391159058 0
1753893681886 0.7743090391159058 0
