1753893681886 0.5323050618171692 0
1753893789732 0.5926626920700073 1
1753893897941 0.6254456639289856 2
1753894005758 0.6613967418670654 3
1753894118096 0.6935157775878906 4
1753894225635 0.7188009023666382 5
1753894333595 0.7347360849380493 6
1753894441467 0.7522947788238525 7
1753894549281 0.7660782337188721 8
1753894657024 0.7788625955581665 9
1753894765010 0.7927817106246948 10
1753894872976 0.8036911487579346 11
1753894985260 0.811425507068634 12
1753895097156 0.8204664587974548 13
1753895209158 0.8272691369056702 14
1753895316661 0.833308756351471 15
1753895424165 0.8388060331344604 16
1753895531607 0.8440529704093933 17
1753895643381 0.849327564239502 18
1753895751046 0.8539518117904663 19
1753895858272 0.8595811724662781 20
1753896003539 0.864488422870636 21
1753896110902 0.8694606423377991 22
1753896251901 0.8736345767974854 23
1753896359115 0.8784844279289246 24
1753893681886 0.5323050618171692 0
1753893681886 0.5323050618171692 0
1753893681886 0.5323050618171692 0
