1753893681886 0.4318654239177704 0
1753893789732 0.4968358874320984 1
1753893897941 0.5295188426971436 2
1753894005758 0.5607907176017761 3
1753894118096 0.5904250144958496 4
1753894225635 0.6136572957038879 5
1753894333595 0.6297487616539001 6
1753894441467 0.6473749876022339 7
1753894549281 0.6616259813308716 8
1753894657024 0.6748116612434387 9
1753894765010 0.6902487874031067 10
1753894872976 0.7028483152389526 11
1753894985260 0.7119317650794983 12
1753895097156 0.7225579619407654 13
1753895209158 0.7310318946838379 14
1753895316661 0.7385482788085938 15
1753895424165 0.7455918192863464 16
1753895531607 0.752059280872345 17
1753895643381 0.7591871023178101 18
1753895751046 0.7653225064277649 19
1753895858272 0.7729176878929138 20
1753896003539 0.7793989777565002 21
1753896110902 0.7863823771476746 22
1753896251901 0.7922692894935608 23
1753896359115 0.7992297410964966 24
1753893681886 0.4318654239177704 0
1753893681886 0.4318654239177704 0
1753893681886 0.4318654239177704 0
