1754331340979 0.6107639074325562 0
1754331457244 0.6226811408996582 1
1754331573983 0.6275439262390137 2
1754331686085 0.6278589963912964 3
1754331787218 0.6300563216209412 4
1754331888108 0.6293026804924011 5
1754331994484 0.6318517327308655 6
1754332100827 0.6461325883865356 7
1754332217821 0.7190520167350769 8
1754332333625 0.8165566921234131 9
1754332450504 0.8687787055969238 10
1754332567277 0.8887746930122375 11
1754332684218 0.9024316668510437 12
1754332785037 0.9095790982246399 13
1754332891603 0.9151708483695984 14
1754332997805 0.9201939702033997 15
1754333102825 0.9234556555747986 16
1754333209165 0.9259846210479736 17
1754333314057 0.9277297854423523 18
1754333420139 0.9288141131401062 19
1754333526545 0.929745614528656 20
1754333627330 0.9305815696716309 21
1754333733717 0.9313799738883972 22
