1754331340979 0.3153356909751892 0
1754331457244 0.3333529233932495 1
1754331573983 0.34523043036460876 2
1754331686085 0.34505635499954224 3
1754331787218 0.3513411581516266 4
1754331888108 0.34850141406059265 5
1754331994484 0.35426852107048035 6
1754332100827 0.39364227652549744 7
1754332217821 0.5007463097572327 8
1754332333625 0.6361526250839233 9
1754332450504 0.7321385741233826 10
1754332567277 0.7671340107917786 11
1754332684218 0.7892258167266846 12
1754332785037 0.8009503483772278 13
1754332891603 0.8099332451820374 14
1754332997805 0.8185368180274963 15
1754333102825 0.8240757584571838 16
1754333209165 0.8282926678657532 17
1754333314057 0.8323405981063843 18
1754333420139 0.8346916437149048 19
1754333526545 0.8367451429367065 20
1754333627330 0.8390376567840576 21
1754333733717 0.8405373096466064 22
