1754331340979 1.0059571266174316 0
1754331457244 0.9612929224967957 1
1754331573983 0.9513595700263977 2
1754331686085 0.9469921588897705 3
1754331787218 0.9440569877624512 4
1754331888108 0.9455965161323547 5
1754331994484 0.9406222701072693 6
1754332100827 0.9169992208480835 7
1754332217821 0.7729013562202454 8
1754332333625 0.541431188583374 9
1754332450504 0.384310245513916 10
1754332567277 0.3160232603549957 11
1754332684218 0.27250197529792786 12
1754332785037 0.24868737161159515 13
1754332891603 0.230255588889122 14
1754332997805 0.21371789276599884 15
1754333102825 0.20256753265857697 16
1754333209165 0.1935931295156479 17
1754333314057 0.1869509071111679 18
1754333420139 0.18271853029727936 19
1754333526545 0.1791079193353653 20
1754333627330 0.17565955221652985 21
1754333733717 0.17273291945457458 22
