1754331340979 0.2324238419532776 0
1754331457244 0.2453511655330658 1
1754331573983 0.2536952793598175 2
1754331686085 0.25362688302993774 3
1754331787218 0.25766003131866455 4
1754331888108 0.2559114396572113 5
1754331994484 0.26034441590309143 6
1754332100827 0.2919142246246338 7
1754332217821 0.38948938250541687 8
1754332333625 0.5230439901351929 9
1754332450504 0.6218617558479309 10
1754332567277 0.6617546081542969 11
1754332684218 0.6882367730140686 12
1754332785037 0.7027643918991089 13
1754332891603 0.7137773633003235 14
1754332997805 0.724725067615509 15
1754333102825 0.7316252589225769 16
1754333209165 0.7371987700462341 17
1754333314057 0.7421063780784607 18
1754333420139 0.7451503872871399 19
1754333526545 0.7475702166557312 20
1754333627330 0.750440239906311 21
1754333733717 0.7524435520172119 22
