1754335315882 0.6077947616577148 0
1754335488547 0.6270145773887634 1
1754335655856 0.6290168166160583 2
1754335817692 0.6313133239746094 3
1754335973922 0.6311689019203186 4
1754336130207 0.6318331360816956 5
1754336286227 0.6328902840614319 6
1754336459660 0.6487554907798767 7
1754336634161 0.7344297170639038 8
1754336807119 0.8019499778747559 9
1754336980186 0.828140914440155 10
1754337154331 0.8463089466094971 11
1754337327454 0.8631442785263062 12
1754337500794 0.8752480149269104 13
1754337674304 0.8871647715568542 14
1754337847531 0.8983094692230225 15
1754338009498 0.9101428985595703 16
1754338166016 0.9177085161209106 17
1754338327968 0.9236099123954773 18
1754338484351 0.9279380440711975 19
1754338646071 0.9312890768051147 20
1754338802330 0.9335314631462097 21
1754338964170 0.9348263740539551 22
1754339126372 0.9350296258926392 23
1754339282801 0.9365733861923218 24
1754339439230 0.9109604954719543 25
1754339595627 0.9144323468208313 26
1754339757593 0.9369273781776428 27
1754339920729 0.9411591291427612 28
1754340082718 0.9426335096359253 29
1754340238992 0.9429210424423218 30
1754340401042 0.9425395727157593 31
1754340557405 0.9424022436141968 32
