1754335315882 0.3193451762199402 0
1754335488547 0.34446045756340027 1
1754335655856 0.3492053151130676 2
1754335817692 0.3500802218914032 3
1754335973922 0.35259222984313965 4
1754336130207 0.35144293308258057 5
1754336286227 0.35150665044784546 6
1754336459660 0.3930571675300598 7
1754336634161 0.516753613948822 8
1754336807119 0.6076475381851196 9
1754336980186 0.6435161828994751 10
1754337154331 0.6727494597434998 11
1754337327454 0.7051241397857666 12
1754337500794 0.7358590960502625 13
1754337674304 0.7581189870834351 14
1754337847531 0.7793371677398682 15
1754338009498 0.7991304397583008 16
1754338166016 0.8151906728744507 17
1754338327968 0.8262200355529785 18
1754338484351 0.8354881405830383 19
1754338646071 0.8424571752548218 20
1754338802330 0.8462643027305603 21
1754338964170 0.849540114402771 22
1754339126372 0.8508840203285217 23
1754339282801 0.853839635848999 24
1754339439230 0.8138129711151123 25
1754339595627 0.8179184794425964 26
1754339757593 0.8551501631736755 27
1754339920729 0.8629176020622253 28
1754340082718 0.8655378222465515 29
1754340238992 0.8667886257171631 30
1754340401042 0.8660714626312256 31
1754340557405 0.8654667139053345 32
