1754335315882 1.0131369829177856 0
1754335488547 0.9470053315162659 1
1754335655856 0.9413898587226868 2
1754335817692 0.9388995170593262 3
1754335973922 0.9376643896102905 4
1754336130207 0.9361391067504883 5
1754336286227 0.9346365928649902 6
1754336459660 0.90766841173172 7
1754336634161 0.7406511902809143 8
1754336807119 0.5808874368667603 9
1754336980186 0.5094242095947266 10
1754337154331 0.45501068234443665 11
1754337327454 0.40350431203842163 12
1754337500794 0.3611915409564972 13
1754337674304 0.32233572006225586 14
1754337847531 0.28671520948410034 15
1754338009498 0.2507907450199127 16
1754338166016 0.22655826807022095 17
1754338327968 0.20731455087661743 18
1754338484351 0.19273285567760468 19
1754338646071 0.18134452402591705 20
1754338802330 0.17342202365398407 21
1754338964170 0.1686096340417862 22
1754339126372 0.16700375080108643 23
1754339282801 0.161697655916214 24
1754339439230 0.245361328125 25
1754339595627 0.2279094159603119 26
1754339757593 0.16009601950645447 27
1754339920729 0.14771932363510132 28
1754340082718 0.14296650886535645 29
1754340238992 0.14170607924461365 30
1754340401042 0.14217893779277802 31
1754340557405 0.14213033020496368 32
