1754335315882 0.23466670513153076 0
1754335488547 0.25382909178733826 1
1754335655856 0.2571391463279724 2
1754335817692 0.25822076201438904 3
1754335973922 0.25932684540748596 4
1754336130207 0.2587902545928955 5
1754336286227 0.25925377011299133 6
1754336459660 0.2927010953426361 7
1754336634161 0.4065743684768677 8
1754336807119 0.49629661440849304 9
1754336980186 0.5350052714347839 10
1754337154331 0.565609335899353 11
1754337327454 0.599593460559845 12
1754337500794 0.6295455098152161 13
1754337674304 0.6538887023925781 14
1754337847531 0.6783490777015686 15
1754338009498 0.7016880512237549 16
1754338166016 0.7207338213920593 17
1754338327968 0.7345290184020996 18
1754338484351 0.7457491755485535 19
1754338646071 0.7546479105949402 20
1754338802330 0.7597689032554626 21
1754338964170 0.7636913061141968 22
1754339126372 0.765190601348877 23
1754339282801 0.7693067789077759 24
1754339439230 0.7218835353851318 25
1754339595627 0.7223357558250427 26
1754339757593 0.7706595063209534 27
1754339920729 0.7812789082527161 28
1754340082718 0.7849031686782837 29
1754340238992 0.7863537669181824 30
1754340401042 0.7854738831520081 31
1754340557405 0.7845606207847595 32
