1754245599634 0.7887197732925415 0
1754245633353 0.8572142720222473 1
1754245666895 0.8754987120628357 2
1754245700695 0.888041615486145 3
1754245734386 0.8949211239814758 4
1754245766083 0.9017198085784912 5
1754245799973 0.9084234833717346 6
1754245833043 0.9105601906776428 7
1754245867252 0.9136114716529846 8
1754245900541 0.9196820259094238 9
1754245940524 0.9227644205093384 10
1754245972919 0.9246435761451721 11
1754246008458 0.9269946217536926 12
1754246041647 0.9308591485023499 13
1754246082804 0.934478223323822 14
1754246115979 0.9362208843231201 15
1754246156208 0.9383670687675476 16
1754246188499 0.941379725933075 17
1754246221294 0.9410895109176636 18
1754246254642 0.9471989870071411 19
1754246294168 0.9474559426307678 20
1754246325918 0.9485140442848206 21
1754246358799 0.9521977305412292 22
1754246392467 0.9549607038497925 23
1754246433570 0.9564564824104309 24
1754246465217 0.9617842435836792 25
1754246496973 0.9646320343017578 26
1754246528606 0.9647753238677979 27
1754246560115 0.9649441838264465 28
1754246591832 0.9700706005096436 29
1754246623360 0.9722981452941895 30
1754246654865 0.972491443157196 31
1754246686354 0.9674609303474426 32
1754246718095 0.9705360531806946 33
1754246749866 0.9761238694190979 34
1754246781590 0.9780859351158142 35
1754246813272 0.9783799648284912 36
1754246844821 0.9796808362007141 37
1754246876576 0.9803550839424133 38
1754246908166 0.9644874334335327 39
1754245599634 0.7887197732925415 0
1754245599634 0.7887197732925415 0
1754245599634 0.7887197732925415 0
