1754245599634 0.5756446123123169 0
1754245633353 0.6857571601867676 1
1754245666895 0.7257387638092041 2
1754245700695 0.7569852471351624 3
1754245734386 0.7726138830184937 4
1754245766083 0.7936461567878723 5
1754245799973 0.8121615648269653 6
1754245833043 0.8201500177383423 7
1754245867252 0.8295109868049622 8
1754245900541 0.8427262306213379 9
1754245940524 0.8490111827850342 10
1754245972919 0.8540589213371277 11
1754246008458 0.8607934713363647 12
1754246041647 0.8683417439460754 13
1754246082804 0.8754470348358154 14
1754246115979 0.8792369365692139 15
1754246156208 0.8841717839241028 16
1754246188499 0.8892177939414978 17
1754246221294 0.8904595971107483 18
1754246254642 0.9002923369407654 19
1754246294168 0.9021537899971008 20
1754246325918 0.9032644033432007 21
1754246358799 0.9090848565101624 22
1754246392467 0.9134856462478638 23
1754246433570 0.914250910282135 24
1754246465217 0.923437774181366 25
1754246496973 0.9282171130180359 26
1754246528606 0.927341639995575 27
1754246560115 0.9282342195510864 28
1754246591832 0.9365125894546509 29
1754246623360 0.9399615526199341 30
1754246654865 0.941223680973053 31
1754246686354 0.9340848922729492 32
1754246718095 0.9374765753746033 33
1754246749866 0.947468101978302 34
1754246781590 0.9512984752655029 35
1754246813272 0.9521592855453491 36
1754246844821 0.9544235467910767 37
1754246876576 0.9555334448814392 38
1754246908166 0.931323766708374 39
1754245599634 0.5756446123123169 0
1754245599634 0.5756446123123169 0
1754245599634 0.5756446123123169 0
