1754245599634 0.6754106283187866 0
1754245633353 0.455556720495224 1
1754245666895 0.3969295620918274 2
1754245700695 0.3557913303375244 3
1754245734386 0.3316865861415863 4
1754245766083 0.31040099263191223 5
1754245799973 0.2869841754436493 6
1754245833043 0.2792622148990631 7
1754245867252 0.2690788209438324 8
1754245900541 0.24929045140743256 9
1754245940524 0.2387445569038391 10
1754245972919 0.23098774254322052 11
1754246008458 0.2228715866804123 12
1754246041647 0.20926885306835175 13
1754246082804 0.19838951528072357 14
1754246115979 0.19230812788009644 15
1754246156208 0.18337230384349823 16
1754246188499 0.17315183579921722 17
1754246221294 0.17342254519462585 18
1754246254642 0.1529761701822281 19
1754246294168 0.15142343938350677 20
1754246325918 0.14816595613956451 21
1754246358799 0.13711969554424286 22
1754246392467 0.12879864871501923 23
1754246433570 0.12326159328222275 24
1754246465217 0.10805550962686539 25
1754246496973 0.09912284463644028 26
1754246528606 0.0987788736820221 27
1754246560115 0.09857205301523209 28
1754246591832 0.08285176008939743 29
1754246623360 0.07604421675205231 30
1754246654865 0.07521364092826843 31
1754246686354 0.09033633023500443 32
1754246718095 0.08100873231887817 33
1754246749866 0.0641617551445961 34
1754246781590 0.058259230107069016 35
1754246813272 0.0572296641767025 36
1754246844821 0.053357694298028946 37
1754246876576 0.05128253996372223 38
1754246908166 0.0997261181473732 39
1754245599634 0.6754106283187866 0
1754245599634 0.6754106283187866 0
1754245599634 0.6754106283187866 0
