1754245599634 0.4758324921131134 0
1754245633353 0.5826272964477539 1
1754245666895 0.6224967241287231 2
1754245700695 0.6538478136062622 3
1754245734386 0.6709684133529663 4
1754245766083 0.6933635473251343 5
1754245799973 0.7137020826339722 6
1754245833043 0.7225979566574097 7
1754245867252 0.7335742712020874 8
1754245900541 0.7501835227012634 9
1754245940524 0.7585534453392029 10
1754245972919 0.7650055885314941 11
1754246008458 0.7736402750015259 12
1754246041647 0.7839348912239075 13
1754246082804 0.7941042184829712 14
1754246115979 0.7991731762886047 15
1754246156208 0.8061877489089966 16
1754246188499 0.813488245010376 17
1754246221294 0.8149391412734985 18
1754246254642 0.8298066854476929 19
1754246294168 0.8321611285209656 20
1754246325918 0.8339133262634277 21
1754246358799 0.8428497314453125 22
1754246392467 0.8495042324066162 23
1754246433570 0.8508269786834717 24
1754246465217 0.8650696873664856 25
1754246496973 0.8726667165756226 26
1754246528606 0.8714532256126404 27
1754246560115 0.8727024793624878 28
1754246591832 0.8862143754959106 29
1754246623360 0.8919087648391724 30
1754246654865 0.8938741087913513 31
1754246686354 0.8818805813789368 32
1754246718095 0.887718141078949 33
1754246749866 0.9042804837226868 34
1754246781590 0.9107323884963989 35
1754246813272 0.912135899066925 36
1754246844821 0.9160706400871277 37
1754246876576 0.9179311394691467 38
1754246908166 0.8779311180114746 39
1754245599634 0.4758324921131134 0
1754245599634 0.4758324921131134 0
1754245599634 0.4758324921131134 0
