1754248424023 0.7886059880256653 0
1754248458404 0.8561573624610901 1
1754248493174 0.8749686479568481 2
1754248526902 0.8853837251663208 3
1754248559300 0.8943185210227966 4
1754248600779 0.9023114442825317 5
1754248643196 0.9056587219238281 6
1754248678505 0.9120481610298157 7
1754248713912 0.9141688346862793 8
1754248747404 0.9198604226112366 9
1754248781752 0.9216746687889099 10
1754248822712 0.9252681732177734 11
1754248855706 0.9290204644203186 12
1754248897140 0.9306676983833313 13
1754248929610 0.9350342154502869 14
1754248970273 0.9362270832061768 15
1754249004939 0.9383931159973145 16
1754249038683 0.9419509768486023 17
1754249070430 0.9433428645133972 18
1754249102022 0.9451999664306641 19
1754249134797 0.9487044811248779 20
1754249168289 0.9497258067131042 21
1754249199826 0.9538290500640869 22
1754249231508 0.9567019939422607 23
1754249263176 0.9589524269104004 24
1754249294609 0.9614995718002319 25
1754249325833 0.9624645709991455 26
1754249356981 0.9656685590744019 27
1754249388215 0.967799723148346 28
1754249419386 0.971534252166748 29
1754249450579 0.9734100699424744 30
1754249481777 0.9740819334983826 31
1754249512935 0.9689386487007141 32
1754249544084 0.9724063873291016 33
1754249575293 0.9762225151062012 34
1754249606424 0.9777591824531555 35
1754249637640 0.9795354604721069 36
1754249669930 0.9804016947746277 37
1754249701159 0.9731547832489014 38
1754249732351 0.9655354619026184 39
1754249763567 0.9777884483337402 40
1754249794804 0.9810341596603394 41
1754249825941 0.9824516773223877 42
1754249857122 0.9832494854927063 43
1754249888298 0.9832122325897217 44
1754248424023 0.7886059880256653 0
1754248424023 0.7886059880256653 0
1754248424023 0.7886059880256653 0
