1754248424023 0.5684078931808472 0
1754248458404 0.6710520386695862 1
1754248493174 0.7237547039985657 2
1754248526902 0.7504687905311584 3
1754248559300 0.7747988104820251 4
1754248600779 0.7933399081230164 5
1754248643196 0.8055580854415894 6
1754248678505 0.8206076622009277 7
1754248713912 0.8297697305679321 8
1754248747404 0.8420841693878174 9
1754248781752 0.8474299907684326 10
1754248822712 0.8549612760543823 11
1754248855706 0.8640969395637512 12
1754248897140 0.8675165176391602 13
1754248929610 0.8766394257545471 14
1754248970273 0.8796319365501404 15
1754249004939 0.8843129873275757 16
1754249038683 0.8900220990180969 17
1754249070430 0.8936569094657898 18
1754249102022 0.8973593711853027 19
1754249134797 0.9035919904708862 20
1754249168289 0.9043594598770142 21
1754249199826 0.9115791320800781 22
1754249231508 0.9162299633026123 23
1754249263176 0.918641984462738 24
1754249294609 0.9232169389724731 25
1754249325833 0.9235767126083374 26
1754249356981 0.929623007774353 27
1754249388215 0.9326115846633911 28
1754249419386 0.9379227161407471 29
1754249450579 0.942043662071228 30
1754249481777 0.9433793425559998 31
1754249512935 0.9361351132392883 32
1754249544084 0.94059157371521 33
1754249575293 0.9478373527526855 34
1754249606424 0.9504870772361755 35
1754249637640 0.9536736011505127 36
1754249669930 0.9553078413009644 37
1754249701159 0.9431626200675964 38
1754249732351 0.93149733543396 39
1754249763567 0.9510995745658875 40
1754249794804 0.9573489427566528 41
1754249825941 0.9600523710250854 42
1754249857122 0.9615766406059265 43
1754249888298 0.9616705179214478 44
1754248424023 0.5684078931808472 0
1754248424023 0.5684078931808472 0
1754248424023 0.5684078931808472 0
