1754248424023 0.6817136406898499 0
1754248458404 0.45694589614868164 1
1754248493174 0.3971141278743744 2
1754248526902 0.3623032867908478 3
1754248559300 0.3327709436416626 4
1754248600779 0.306220144033432 5
1754248643196 0.2960025668144226 6
1754248678505 0.27417078614234924 7
1754248713912 0.267438679933548 8
1754248747404 0.24918143451213837 9
1754248781752 0.2407010942697525 10
1754248822712 0.22924506664276123 11
1754248855706 0.21621958911418915 12
1754248897140 0.21135395765304565 13
1754248929610 0.19649507105350494 14
1754248970273 0.1915268898010254 15
1754249004939 0.18285734951496124 16
1754249038683 0.1717315912246704 17
1754249070430 0.16714642941951752 18
1754249102022 0.16062220931053162 19
1754249134797 0.14843514561653137 20
1754249168289 0.1451006680727005 21
1754249199826 0.13183143734931946 22
1754249231508 0.12286148220300674 23
1754249263176 0.11633766442537308 24
1754249294609 0.10854195058345795 25
1754249325833 0.10628369450569153 26
1754249356981 0.09680911153554916 27
1754249388215 0.0896819680929184 28
1754249419386 0.07855721563100815 29
1754249450579 0.07272624224424362 30
1754249481777 0.07027709484100342 31
1754249512935 0.08553244918584824 32
1754249544084 0.07520870119333267 33
1754249575293 0.06381023675203323 34
1754249606424 0.059047676622867584 35
1754249637640 0.053769662976264954 36
1754249669930 0.051149528473615646 37
1754249701159 0.07367897778749466 38
1754249732351 0.09572868794202805 39
1754249763567 0.05872402340173721 40
1754249794804 0.04926753789186478 41
1754249825941 0.045134153217077255 42
1754249857122 0.042804084718227386 43
1754249888298 0.043010856956243515 44
1754248424023 0.6817136406898499 0
1754248424023 0.6817136406898499 0
1754248424023 0.6817136406898499 0
