1754248424023 0.4708147943019867 0
1754248458404 0.5727777481079102 1
1754248493174 0.6206470131874084 2
1754248526902 0.6474612951278687 3
1754248559300 0.6726449131965637 4
1754248600779 0.6932304501533508 5
1754248643196 0.7060970067977905 6
1754248678505 0.7240849733352661 7
1754248713912 0.7341839075088501 8
1754248747404 0.7495860457420349 9
1754248781752 0.7563636302947998 10
1754248822712 0.7664245963096619 11
1754248855706 0.7784987092018127 12
1754248897140 0.7831494212150574 13
1754248929610 0.7959119081497192 14
1754248970273 0.799887478351593 15
1754249004939 0.8064827919006348 16
1754249038683 0.8148272037506104 17
1754249070430 0.8200282454490662 18
1754249102022 0.8252837657928467 19
1754249134797 0.8347073793411255 20
1754249168289 0.8356616497039795 21
1754249199826 0.8467101454734802 22
1754249231508 0.8538125157356262 23
1754249263176 0.857673168182373 24
1754249294609 0.864818274974823 25
1754249325833 0.86533123254776 26
1754249356981 0.8749094605445862 27
1754249388215 0.8797720074653625 28
1754249419386 0.8887192606925964 29
1754249450579 0.8952887654304504 30
1754249481777 0.8974957466125488 31
1754249512935 0.8853384852409363 32
1754249544084 0.8928711414337158 33
1754249575293 0.9048931002616882 34
1754249606424 0.9093974828720093 35
1754249637640 0.9148388504981995 36
1754249669930 0.9176267981529236 37
1754249701159 0.8981237411499023 38
1754249732351 0.8776079416275024 39
1754249763567 0.9103273749351501 40
1754249794804 0.9210416078567505 41
1754249825941 0.9257153272628784 42
1754249857122 0.9283949136734009 43
1754249888298 0.9285129904747009 44
1754248424023 0.4708147943019867 0
1754248424023 0.4708147943019867 0
1754248424023 0.4708147943019867 0
