1753873779636 0.7690479159355164 0
1753874724901 0.856509804725647 1
1753875621962 0.8836773633956909 2
1753876515646 0.8991326093673706 3
1753877407122 0.9074990153312683 4
1753878297210 0.9145766496658325 5
1753879185847 0.9215757250785828 6
1753880075469 0.9263181686401367 7
1753880967258 0.9317259192466736 8
1753881858183 0.9353160858154297 9
1753882780970 0.9399560689926147 10
1753883670947 0.9437845349311829 11
1753884562694 0.9481567740440369 12
1753885451952 0.9508035778999329 13
1753886342195 0.953473687171936 14
1753873779636 0.7690479159355164 0
1753873779636 0.7690479159355164 0
1753873779636 0.7690479159355164 0
