1753873779636 0.7083191871643066 0
1753874724901 0.46340906620025635 1
1753875621962 0.38014310598373413 2
1753876515646 0.32868894934654236 3
1753877407122 0.3002214729785919 4
1753878297210 0.2756767272949219 5
1753879185847 0.25012242794036865 6
1753880075469 0.23183050751686096 7
1753880967258 0.21326908469200134 8
1753881858183 0.19919493794441223 9
1753882780970 0.18467506766319275 10
1753883670947 0.17151321470737457 11
1753884562694 0.15628376603126526 12
1753885451952 0.14709363877773285 13
1753886342195 0.13756942749023438 14
1753873779636 0.7083191871643066 0
1753873779636 0.7083191871643066 0
1753873779636 0.7083191871643066 0
