1753873779636 0.42574676871299744 0
1753874724901 0.5341829657554626 1
1753875621962 0.5876010060310364 2
1753876515646 0.6262502670288086 3
1753877407122 0.6507042050361633 4
1753878297210 0.671290934085846 5
1753879185847 0.6892881989479065 6
1753880075469 0.7016671895980835 7
1753880967258 0.7146407961845398 8
1753881858183 0.7249426245689392 9
1753882780970 0.7338496446609497 10
1753883670947 0.7420960664749146 11
1753884562694 0.7526313662528992 12
1753885451952 0.7601271867752075 13
1753886342195 0.7675285339355469 14
1753873779636 0.42574676871299744 0
1753873779636 0.42574676871299744 0
1753873779636 0.42574676871299744 0
