1753873779636 0.5133217573165894 0
1753874724901 0.6181454062461853 1
1753875621962 0.6735166311264038 2
1753876515646 0.7124090790748596 3
1753877407122 0.7362067699432373 4
1753878297210 0.7549683451652527 5
1753879185847 0.7708047032356262 6
1753880075469 0.7815232872962952 7
1753880967258 0.7923077940940857 8
1753881858183 0.8010234236717224 9
1753882780970 0.8078746199607849 10
1753883670947 0.8144378662109375 11
1753884562694 0.8226637840270996 12
1753885451952 0.8282400369644165 13
1753886342195 0.8341842293739319 14
1753873779636 0.5133217573165894 0
1753873779636 0.5133217573165894 0
1753873779636 0.5133217573165894 0
