1754564810773 0.8276094198226929 0
1754564892005 0.8955698609352112 1
1754564973885 0.9057205319404602 2
1754565055975 0.9116367101669312 3
1754565135925 0.9175521731376648 4
1754565213968 0.9187560677528381 5
1754565296530 0.9238617420196533 6
1754565372684 0.9257738590240479 7
1754565448430 0.929365873336792 8
1754565523974 0.9298571348190308 9
1754565606557 0.9153048396110535 10
1754565682244 0.926979660987854 11
1754565757736 0.9356807470321655 12
1754565836279 0.9356957674026489 13
1754565917783 0.9428403973579407 14
1754565997393 0.9431458711624146 15
1754566073700 0.9465765357017517 16
1754566150326 0.9124976396560669 17
1754566228167 0.9345707893371582 18
1754566306742 0.9438931345939636 19
1754566384548 0.9506409168243408 20
1754566460935 0.9528943300247192 21
1754566542465 0.9546545147895813 22
1754566620996 0.9565134048461914 23
1754566697069 0.9452753067016602 24
1754566775409 0.9501315355300903 25
1754566853721 0.9581176042556763 26
1754566932822 0.961129367351532 27
1754567009936 0.9623602628707886 28
1754567087369 0.9501877427101135 29
1754567164199 0.9511001706123352 30
1754567240304 0.9569784998893738 31
1754567316797 0.9631045460700989 32
1754567392350 0.9655463695526123 33
1754567467857 0.9275474548339844 34
1754567544426 0.8842411637306213 35
1754567620762 0.9078773260116577 36
1754567696931 0.9202555418014526 37
1754567773723 0.9304942488670349 38
1754567855409 0.9388269782066345 39
1754564810773 0.8276094198226929 0
1754564810773 0.8276094198226929 0
1754564810773 0.8276094198226929 0
