1754564810773 0.638710081577301 0
1754564892005 0.7772136330604553 1
1754564973885 0.8052224516868591 2
1754565055975 0.8191189169883728 3
1754565135925 0.8328909873962402 4
1754565213968 0.8365981578826904 5
1754565296530 0.8466538786888123 6
1754565372684 0.8516639471054077 7
1754565448430 0.8568012714385986 8
1754565523974 0.8588560223579407 9
1754565606557 0.8321368098258972 10
1754565682244 0.853289783000946 11
1754565757736 0.8683802485466003 12
1754565836279 0.8686121702194214 13
1754565917783 0.8793859481811523 14
1754565997393 0.8806862235069275 15
1754566073700 0.8841800689697266 16
1754566150326 0.8264687657356262 17
1754566228167 0.8643426299095154 18
1754566306742 0.8811376094818115 19
1754566384548 0.8914171457290649 20
1754566460935 0.8965036273002625 21
1754566542465 0.8987412452697754 22
1754566620996 0.9029197096824646 23
1754566697069 0.8848784565925598 24
1754566775409 0.8925758600234985 25
1754566853721 0.9052879810333252 26
1754566932822 0.9112310409545898 27
1754567009936 0.9135832190513611 28
1754567087369 0.892866313457489 29
1754567164199 0.8943135142326355 30
1754567240304 0.9040199518203735 31
1754567316797 0.9151477217674255 32
1754567392350 0.9198997616767883 33
1754567467857 0.8461087346076965 34
1754567544426 0.7532697916030884 35
1754567620762 0.8065690398216248 36
1754567696931 0.8321589231491089 37
1754567773723 0.8516457676887512 38
1754567855409 0.8655662536621094 39
1754564810773 0.638710081577301 0
1754564810773 0.638710081577301 0
1754564810773 0.638710081577301 0
