1754564810773 0.6612690091133118 0
1754564892005 0.32917171716690063 1
1754564973885 0.2948288023471832 2
1754565055975 0.27367663383483887 3
1754565135925 0.25305816531181335 4
1754565213968 0.24801965057849884 5
1754565296530 0.22939424216747284 6
1754565372684 0.22220498323440552 7
1754565448430 0.208436518907547 8
1754565523974 0.20686525106430054 9
1754565606557 0.2572154700756073 10
1754565682244 0.21544809639453888 11
1754565757736 0.18721894919872284 12
1754565836279 0.1873127669095993 13
1754565917783 0.16517189145088196 14
1754565997393 0.16464641690254211 15
1754566073700 0.15437203645706177 16
1754566150326 0.26925522089004517 17
1754566228167 0.19098708033561707 18
1754566306742 0.16217190027236938 19
1754566384548 0.14142288267612457 20
1754566460935 0.13419730961322784 21
1754566542465 0.12833574414253235 22
1754566620996 0.12233803421258926 23
1754566697069 0.15738561749458313 24
1754566775409 0.14226317405700684 25
1754566853721 0.11755993962287903 26
1754566932822 0.10822249203920364 27
1754567009936 0.10431335866451263 28
1754567087369 0.14441801607608795 29
1754567164199 0.13958999514579773 30
1754567240304 0.12201515585184097 31
1754567316797 0.10207946598529816 32
1754567392350 0.09485383331775665 33
1754567467857 0.264565110206604 34
1754567544426 0.3676244914531708 35
1754567620762 0.2833535373210907 36
1754567696931 0.23851440846920013 37
1754567773723 0.2052951455116272 38
1754567855409 0.17888104915618896 39
1754564810773 0.6612690091133118 0
1754564810773 0.6612690091133118 0
1754564810773 0.6612690091133118 0
