1754564810773 0.5442453026771545 0
1754564892005 0.6765866875648499 1
1754564973885 0.7072843313217163 2
1754565055975 0.7231144905090332 3
1754565135925 0.7403393983840942 4
1754565213968 0.7446224689483643 5
1754565296530 0.7575714588165283 6
1754565372684 0.7640001773834229 7
1754565448430 0.7714488506317139 8
1754565523974 0.7734968662261963 9
1754565606557 0.7379617094993591 10
1754565682244 0.7657144665718079 11
1754565757736 0.7867428064346313 12
1754565836279 0.7866247296333313 13
1754565917783 0.8021895885467529 14
1754565997393 0.8036401867866516 15
1754566073700 0.8091198801994324 16
1754566150326 0.7312065362930298 17
1754566228167 0.7812127470970154 18
1754566306742 0.8044411540031433 19
1754566384548 0.819613516330719 20
1754566460935 0.8267453908920288 21
1754566542465 0.830226719379425 22
1754566620996 0.8362690210342407 23
1754566697069 0.8093247413635254 24
1754566775409 0.8206767439842224 25
1754566853721 0.8398199677467346 26
1754566932822 0.8485867381095886 27
1754567009936 0.8522529602050781 28
1754567087369 0.8208826780319214 29
1754567164199 0.8228294849395752 30
1754567240304 0.8376623392105103 31
1754567316797 0.8544917106628418 32
1754567392350 0.8617446422576904 33
1754567467857 0.7730886936187744 34
1754567544426 0.6487545967102051 35
1754567620762 0.709063708782196 36
1754567696931 0.7403531670570374 37
1754567773723 0.7653728723526001 38
1754567855409 0.7844836115837097 39
1754564810773 0.5442453026771545 0
1754564810773 0.5442453026771545 0
1754564810773 0.5442453026771545 0
